20
30
40
50
60
70
80
300
360
420
440
730
1200
1500
1510
1520
1530
1600
1610
1630
1640
1690
1900
2200
2280
2300
2350
2370
2520
2525
2570
2600
2780
2810
2820
2900
3170
3380
3410
3430
3450
3560
3600
3700
3710
3800
3810
3820
3980
3990
4520
4870
6030
6250
6370
6600
6800
6840
6870
6980
7020
7220
7510
7520
7600
7650
7660
7840
8000
8080
8140
8340
8600
8790
8800
8870
8930
9010
9050
9160
9200
9350
9710
9760
10150
10180
10190
11050
11230
11260
11450
11590
11610
12140
12150
12170
12180
12370
12380
12470
12500
12520
12690
12710
12790
12830
13140
13210
13230
13240
15080
15120
15170
15240
15270
15700
15900
16600
16900
17100
17140
17340
17440
17500
17740
18040
18050
18120
18420
18450
18460
18470
18480
18500
18820
19200
20530
21000
21130
21780
22100
22300
22500
22600
23310
23420
23530
23600
23700
24460
24720
24790
24800
25000
25600
25620
25700
25850
25890
25910
25930
26000
26900
27000
27400
27900
27920
27940
28000
29900
31270
31290
31830
31930
32140
32160
32350
32360
32380
32400
32450
32510
32630
32640
33650
33680
33770
33950
34275
34277
34278
34420
34830
34920
35010
35130
35320
35800
36910
38210
38440
39120
39150
39190
39200
39510
39640
39650
39690
40300
40350
40700
40990
41740
42120
42140
42810
42850
42900
42920
44690
45100
45400
45450
45740
45760
46000
46270
46280
46340
46360
46370
46410
46440
46500
46510
46520
46570
46600
46750
46770
47000
47400
47540
47880
48220
48240
49300
49330
49600
49800
49810
49900
50000
50510
51000
57200
58610
60600
60800
61100
61510
62000
62100
63110
63710
63800
63960
64000
65540
65780
70300
70400
70600
71000
71250
72850
73190
78000
80200
80300
80350
90200
91200
91330
91600
91700
92210
92220
92300
92600
92900
94200
94400
94590
95400
96000
98200
98400
98600
99300
99400
102200
102850
104000
104020
104200
105100
105420
107200
107300
107310
108200
108700
109600
110400
111100
115200
116120
200020
200080
200150
200230
200410
200490
200900
200980
200990
201000
201010
201230
201490
201570
202070
202200
202410
202860
203160
203210
203560
203630
203750
203990
204030
204060
204360
205060
205530
205550
205710
205830
205870
205910
205950
206020
206040
206060
206190
207000
207020
207170
207370
207380
207400
207430
207530
207930
208110
208200
208600
208620
208640
209230
209540
209650
211160
211280
211340
211400
211600
211740
211900
212200
212390
212480
212700
212800
213610
213650
214170
214570
214630
214770
215100
215530
215670
215830
215930
216290
217750
217920
218020
218040
218230
218640
219200
219640
219780
219830
219990
220740
220780
220860
221100
221260
221380
221680
222606
222618
222660
222730
222940
223000
223100
223430
223470
223830
224260
224480
224740
224920
224960
225420
225640
225840
226860
226960
227060
227180
227380
227400
227760
228300
228440
229520
229580
229790
229870
229970
230150
230190
230650
231160
231310
231430
231720
232010
232430
232770
232790
232910
232970
233210
233450
233840
233980
234080
234190
234290
234330
234370
234390
234510
234670
234920
235380
235820
235980
236150
236690
236790
236930
237990
238210
238260
238870
238930
239070
239140
239430
239660
239700
240620
240760
240970
241540
241560
241930
242680
242840
242880
243220
243970
244030
244090
244690
244890
245300
246110
246420
246740
246760
246980
247000
247020
247140
247370
247430
248190
248310
248330
248370
248390
248410
248450
248610
248800
248860
249050
249230
249360
249650
249990
250180
250380
250420
250600
250680
250760
250900
251290
251310
251450
251570
251630
251690
251830
251850
251950
252010
252230
252270
252410
252430
252450
252530
252550
252710
252830
252850
252950
253030
253190
253230
253250
253290
253390
253430
253610
253690
253710
253770
253790
253900
253960
254060
254320
254840
255340
255390
255520
255710
255920
255940
256010
256290
257220
257420
257630
257730
257850
257970
258180
258520
258590
258880
259170
259390
259570
259620
259660
259680
259760
259890
259980
260130
260230
260250
260330
260570
260690
260790
260930
261180
261700
261720
261880
262190
262450
262650
262790
262850
262960
263020
263060
263200
263360
263380
263480
263540
263560
263720
263820
263860
264200
264280
264520
264540
264560
264690
265000
265300
265870
266030
266050
266170
266210
266230
266390
266430
266510
267060
267340
267610
267900
267940
267960
268130
268200
268240
268260
268320
268500
268750
268850
268870
268990
269010
269030
269230
269250
269270
269310
269370
269690
269730
269810
269950
270010
270110
270130
270630
270810
270850
271370
271670
271760
272010
272510
272600
272620
272990
273110
273350
273590
273820
274010
274290
274520
274880
274900
275290
275390
275510
275570
275810
275850
276810
277110
277270
277470
277490
277540
277650
277870
278360
278440
278490
278570
278620
279260
279440
279500
279540
279740
279900
279940
279990
280040
280160
280520
280720
281220
281280
281450
281610
281860
282030
282100
282800
283180
283270
283310
283370
283640
283660
283940
283960
283980
284240
284410
284750
284830
284870
285160
285310
285330
285480
285740
285800
285840
285920
286140
286200
286220
286300
286380
286480
286770
286810
287020
287070
287370
287720
287900
287920
287980
288040
288160
288470
289070
289180
289280
289360
289400
289420
289460
289500
289580
289800
289840
289890
289950
290000
290040
290300
290510
290530
290650
290730
291130
291330
291450
291710
291910
292120
292420
292730
292990
293160
293220
293520
293660
293740
293780
293880
293940
294370
294440
294540
294790
294860
295250
295750
295790
295930
296180
296470
297110
297130
297450
297760
298050
298140
298180
298260
299070
299500
299600
299740
299950
300320
300380
300550
300760
300820
301220
301460
301540
301740
301750
301760
301910
301970
301980
302130
302310
302340
302350
302360
302380
302590
302790
302850
303310
303510
303720
304580
304650
304670
304910
305050
305260
305380
305500
305920
305980
306020
306130
306200
306670
306680
306700
307050
307090
307110
307290
307340
307590
307640
308460
310110
310370
310450
310700
310740
310850
311040
311120
311240
311250
311290
311400
311560
311720
311730
311870
312280
312370
312960
313080
313130
313160
313340
313400
313660
313730
313780
314000
314030
314150
314240
314280
314590
314610
315430
315810
315860
316160
316430
316480
316600
316610
316720
316890
316930
317250
317380
317530
317620
317710
317850
318130
318690
319050
319230
319250
319470
319480
319540
319630
319760
319910
320150
320240
320300
320320
320330
320400
320540
320630
320670
320840
321260
321360
321400
321870
321960
321980
322170
322190
322300
322520
322540
322850
323060
323280
323460
323470
323630
323910
324140
324260
324510
324650
324810
325420
325520
325790
326460
326520
326950
326960
326990
327010
327030
327090
327310
327400
327640
327670
327860
327890
328070
328100
328270
328460
328590
328730
329000
329020
329430
329460
330180
330270
330420
330680
330840
330990
331190
331340
331600
331650
331750
331920
332310
332330
332360
332490
332500
332530
332570
332580
332630
332650
332700
332710
332800
333300
333430
333600
333930
334210
334620
334690
334850
335120
335840
335890
335900
336060
336130
336150
336610
336760
337040
337270
337320
337490
337850
338120
338130
338320
338540
338550
339130
339210
339340
339350
339470
339600
339610
339790
340030
340220
340270
340300
340320
340340
340490
340580
340650
340730
340770
340830
341060
341090
341310
341550
341870
341940
341950
342020
342180
342230
342260
342300
342310
342640
342940
342970
343070
343280
343360
343560
344410
344630
344770
344840
345060
345180
345440
345460
345610
345860
346080
346370
346470
346670
346730
346830
346900
346940
347290
347560
347630
347660
347670
348030
348200
348250
348360
348450
348470
348730
348790
348950
348960
349140
349220
349510
349520
349720
350010
350070
350080
350910
350970
351030
351100
351150
351250
351470
351630
351640
351700
351940
351970
352400
352700
352950
353090
353110
353190
353540
354140
354160
354650
354680
354860
355020
355070
355130
355170
355240
355280
355430
355500
355520
355860
355980
356070
356310
356380
356520
356570
356910
357300
357310
357330
357650
357720
357900
358080
358130
358210
358250
358400
359100
359190
359580
359650
359800
359810
359870
360170
360510
360830
360940
361230
361280
361360
361380
361550
361600
361670
361890
362140
362400
362490
362680
362810
362930
362960
363090
363110
363130
363330
363360
363420
363490
363510
363610
363960
364050
364300
364390
364640
364810
364910
364930
365020
365260
365300
365360
365770
366220
366240
366440
366690
366870
367270
367520
368230
368360
368990
369030
369040
369110
369290
369420
369440
369990
370190
370280
370460
370620
370640
370690
370710
370910
371180
371190
371390
371500
371510
371660
372000
372360
372490
372750
372800
373240
373290
373440
374280
374320
375120
375220
375230
375320
375480
375510
375520
375530
375580
375620
375680
375710
375750
375820
375850
375910
375950
376140
376680
376920
377070
377150
377160
377300
377760
377840
377860
377870
377950
378300
378360
378370
379210
379290
379870
380550
380580
381020
382260
383150
383460
383520
383580
383930
384150
384180
384190
384300
384960
385070
385150
385250
385770
385800
385900
386070
386080
386420
387930
387990
388050
388060
388090
388320
388420
388490
388620
388800
388880
389160
389400
389460
389510
389650
389810
389870
389980
390100
390200
390520
390670
390870
390910
391070
391280
391490
391590
392160
392450
392470
392820
392920
392940
393080
393190
393390
393420
393530
393980
394220
394280
394310
394690
394700
395400
395500
395760
396350
396530
396750
396850
397060
397150
397330
397350
397690
397720
397840
397950
398000
398030
398450
398710
398850
398970
399520
399790
399810
399890
400040
400170
400360
400450
400510
400630
400660
400790
401690
402040
402060
402180
402220
402530
402570
402710
402750
402850
403190
403290
403400
403430
403510
403880
403900
403940
403980
404200
404410
404530
404580
404620
404640
404700
404730
404850
405000
405290
405310
405440
405640
405950
406730
406870
407300
407310
407330
407620
407980
408110
408120
408400
408740
408760
409000
409450
409870
410110
410210
410390
410430
410820
410850
410890
410900
411080
411300
411740
412220
412310
412460
412600
412770
412790
412880
413150
413410
413420
413730
414080
414530
414660
414950
415030
415150
415200
415300
415350
415590
415610
416030
416040
416260
416380
416670
416770
417750
418110
418190
418250
418270
418300
418340
418530
419460
420000
420110
420210
420440
420530
420850
420880
420930
421020
422130
422250
422420
422810
422900
423230
423590
423620
423700
423710
423760
424000
424640
425670
426560
426690
427030
427100
427290
427470
427510
427520
427550
427760
427910
427940
428100
428370
428430
428550
428630
428690
428870
428950
429050
429300
429530
429600
429610
429660
429700
429720
429780
429950
431180
431220
431260
431590
431730
431810
432260
432290
432380
433210
433280
433300
433350
434020
434160
434170
434260
434430
434570
434820
434890
434920
436140
436150
436180
436260
436560
437000
437390
437400
437420
438020
438100
438180
438640
438680
438920
439340
439550
439700
439910
440310
440730
440950
441680
441830
442000
442120
442210
443110
443260
443360
443370
443810
443860
444160
444480
444590
444620
444720
444940
445230
446380
446560
446770
446780
446800
447120
447270
447530
447570
447780
448080
448240
448370
448570
448610
448710
448850
448930
448980
449000
449020
449050
449130
449200
449210
449300
449530
449610
449710
449730
449960
450170
450190
450540
450700
450860
451130
451340
451780
451840
451920
451980
452510
453100
453290
453340
453720
453750
453910
453960
454060
454180
454250
454350
454410
454870
454890
455710
455820
455970
456540
457320
457490
457600
457760
457820
457860
457960
458000
458030
458330
458480
458520
458560
458590
460430
460700
460810
460850
460960
461010
461180
461360
461380
461510
461620
461750
461760
461820
461850
461970
462100
462220
462770
462930
463000
463100
463250
463390
463980
464060
464150
464800
465020
465100
465170
465200
465490
465720
466130
466240
466490
466720
466740
466890
467010
468240
468320
468570
469650
469720
469820
469930
470130
470780
471550
471810
472060
473140
473450
473470
473520
473690
474030
474210
474750
475490
476240
476420
476540
476620
477870
478010
478960
479100
479130
480430
480480
481110
481190
482300
482330
482450
483420
484830
484870
485000
485030
485310
485360
485370
485390
485400
485490
485610
485650
485690
485730
485830
486150
486780
486860
487220
487250
487350
487430
487580
487600
487700
488730
488790
488910
489000
489020
489170
489380
489460
489520
489560
489830
489900
489940
490450
490860
490910
490920
491000
491040
491260
491280
491580
491770
492290
492500
493060
493310
493490
493520
493780
494430
494740
494810
495050
495110
495910
496240
496300
496440
496550
496650
496680
496730
497050
497100
497360
497730
497820
497850
497860
497940
498030
498240
498320
498500
498600
498710
499420
500150
500570
500590
500940
500980
501030
501300
501790
502130
502370
502400
502520
502910
503400
503480
503560
503630
503820
503830
503940
504000
504050
504130
504300
504880
505630
505640
505730
505740
506610
506670
506870
507400
508290
508300
508530
508790
508980
509110
509600
509800
509980
510420
510490
510500
510620
511090
511160
511630
511800
511960
512020
512080
512160
512300
512410
512470
512700
512740
512900
513230
513290
513340
513510
513740
513780
513890
513930
514090
514460
514480
514490
514500
514580
514900
515020
515040
515180
515260
515690
515910
515960
516110
517010
517130
517160
517630
517910
518620
518920
519190
520950
521130
521470
521500
521590
521630
522210
522340
523210
523660
523740
524010
524030
524640
524850
524910
525640
525680
525700
526290
526790
526880
527270
527340
527450
527770
528070
528230
528300
528450
528510
528550
528580
529060
529180
529490
529670
529770
529900
529950
530120
530240
530350
530390
530540
531190
531510
531640
532190
532210
532770
533300
533340
533540
533690
533780
533820
533950
534290
535230
535760
535850
536220
536420
536750
537110
537520
537800
537990
538810
538840
539330
539640
539650
539670
540360
540610
540640
541230
541300
541570
542340
542350
542590
542660
542690
542710
542740
542780
542790
543030
543360
543870
544420
544750
544920
545410
545580
545690
545700
546050
546230
546340
546400
546490
546660
546930
546990
547410
547590
547910
548080
548290
548570
549100
549860
550470
550580
550670
550840
551110
551730
551860
551930
552100
552140
552280
552440
552450
552570
552620
552970
553260
553340
553520
553640
554310
554330
554800
555210
555220
555610
555630
555640
555660
555670
555710
555750
555880
555970
556060
556130
556240
557040
557180
557340
557630
557680
557890
558260
559010
559330
559650
560130
560170
560370
560430
561770
562270
562360
562430
562470
562810
563150
564050
564210
564710
565030
565110
565120
565550
566090
566860
567040
567060
567160
567280
567340
567380
567640
567670
567680
567750
568320
568720
568930
569720
569770
569800
569970
570420
570890
571340
571530
572010
572220
572660
572890
573060
573090
573130
573170
573210
573490
574050
574070
574080
574440
574580
574760
574820
575110
575510
575580
575630
575780
575830
575890
576050
576650
576750
576940
577230
577690
577740
577890
578080
578440
578590
578650
578830
578850
579110
579230
579720
579760
579820
580040
580420
580720
580910
581030
582660
582920
583270
584170
584400
584640
584780
584800
585360
585690
585840
585910
586350
586750
587220
587260
587460
587580
587620
588160
588180
588190
588430
588440
588690
588730
588970
589290
589320
589360
589420
589430
589460
589530
589770
589870
590280
590590
591360
591740
591990
592200
592580
592600
592730
593330
593620
594040
594050
594550
594570
594720
595060
595430
595520
596870
597150
597170
597220
598070
598450
598530
598550
598600
598780
599080
599390
600090
600210
601180
601810
601930
602770
603010
603190
603260
603320
603530
603750
603850
603880
604040
604190
604240
604330
605230
606680
606710
606730
606870
606880
606960
607050
607260
607380
607460
607880
608760
609100
609110
609150
609320
609920
610080
610380
610750
610780
610960
611160
611350
611660
611670
611790
612300
612520
612540
612570
612620
612720
612930
613010
613590
613900
614090
614570
614630
615090
615120
615400
615700
616250
616560
616610
616700
617480
617710
617830
618080
618610
618620
618720
618750
619150
619310
619610
619880
620190
620590
621000
621880
622170
622370
622460
622470
622720
622870
622920
623550
623840
623920
624060
624460
624690
625140
625340
625960
626010
626690
627270
627670
627950
628050
628700
628950
629220
629690
629770
630610
630900
631510
631660
631830
632050
632070
632200
632350
632360
633110
633360
633950
634070
634230
634340
635250
636400
636580
637330
638060
638160
638230
638650
638920
639170
639780
640050
640310
640590
641320
642000
643810
643980
644390
644540
644610
644640
644830
645230
645730
646200
646240
646360
647000
648580
648800
649190
649600
649640
649890
650090
650720
650760
652150
653220
653530
654050
654880
654990
655100
655460
656070
656120
657010
657240
658560
658850
658970
659190
659460
659540
659630
661940
663670
666150
666330
666570
666860
667360
667890
668210
668550
668770
669630
669950
670290
670500
671310
671620
671720
671970
672680
672730
673000
673190
673260
673620
673800
673880
673900
673950
674140
674930
674960
675240
675630
675690
676430
676630
676770
676820
677120
677340
677620
677810
678800
680310
681730
682530
682910
682970
682990
684350
684380
685420
686200
686680
686900
687260
687630
687920
688420
688470
688630
689070
690040
690510
690530
690610
690640
690830
691150
691450
691540
691690
691830
691930
692270
692850
692920
694280
695290
696220
696480
697610
697630
697900
698260
698540
698640
698780
699330
699670
699920
700170
700330
700570
700600
700660
701160
702120
702150
703280
703320
703840
703870
703940
703970
703980
704030
704190
704450
704860
705220
705550
705770
706020
706490
707010
707580
708340
708450
709820
710030
710920
711540
711560
711660
711750
711810
712100
713650
714100
714240
714250
715380
715810
716500
716630
716640
716680
716900
717190
717560
717610
717790
717950
718310
718590
718670
718790
718940
719730
719750
719930
721090
722180
722230
722250
722340
722560
722670
722730
724250
724970
725340
726110
726390
727130
727280
727450
727850
728530
729580
730390
731490
731770
732360
732370
732690
733990
734020
734290
734330
734550
734580
735450
735580
736260
738080
738500
739240
740200
740260
740470
741510
741590
741670
741820
742250
742500
743130
743390
743450
743580
744980
745330
745560
745760
745920
746510
746850
746910
747340
747350
747360
747610
747660
747920
748370
748490
750050
750130
751110
751200
751630
751780
751820
753420
753610
753640
754150
754350
755150
755890
755980
756440
756880
757350
757480
758010
758190
758870
758980
760060
760510
761030
761460
762220
762560
762630
762830
763970
764030
764430
764510
764570
765640
765900
766280
767390
767420
768450
769970
770390
770440
770500
770810
771840
773240
773520
773580
773670
773951
774241
774361
774511
774541
775940
777240
777400
777880
778850
780210
780350
780670
782140
782340
782690
783170
783590
783810
783840
785890
786450
787110
787400
787740
788270
788470
789760
790710
790790
791150
791380
791470
792220
792570
792710
793250
793370
793690
794260
794490
794820
795100
795630
796290
797390
797400
798290
798380
798420
799960
800350
801020
802870
803080
803980
805520
805550
806510
807140
808100
809000
809020
809440
809540
810660
810670
811750
812040
812550
813630
813820
814380
814540
815040
816350
817840
817920
818320
819950
820630
821500
821610
821680
822240
822990
823500
823600
823610
823950
824000
824070
824600
825730
826480
826600
826630
827860
828740
830580
830820
831980
833040
834280
834530
834880
836770
836940
837470
837510
837600
838530
838630
838990
839680
839930
840010
840130
840140
840210
840410
840720
841190
842420
843380
843660
843810
843890
844260
844330
844850
844870
844960
845250
846030
846110
846200
847370
848500
849210
849940
850000
850230
850290
850450
850500
850630
851100
851530
851850
851890
852790
855530
855630
855640
855740
856880
857410
858060
858810
859150
859570
859580
860510
860620
860960
861250
861920
861930
861940
862800
863550
863560
863590
864020
864060
865090
865180
865610
866150
866510
866540
866800
868080
868190
868520
869880
871100
871170
871420
871530
871990
872670
872820
873190
873240
873840
873910
873960
874030
874240
874380
874400
874650
875740
876200
876470
876500
876650
876850
877300
878320
878570
879160
879250
879850
880400
880510
880830
881320
882100
882110
882140
882790
882960
883360
883710
884090
884550
884770
885000
885150
885240
885570
885640
885810
886160
886460
886470
886900
886960
887400
887530
887570
887720
888040
888690
889220
889510
889530
889730
890400
890880
890920
891040
891170
891200
891480
892630
893010
893740
894630
895110
895400
895570
895870
896160
897030
897410
897730
897820
898650
900400
903950
904380
904740
905300
905640
906790
906930
907000
907310
907470
908100
908620
909080
909320
909660
910320
910460
912570
912590
913550
914020
914320
914690
914750
915320
915460
915540
915670
915720
916440
920190
920210
920470
920500
920690
921590
921630
921780
922100
922630
923260
924140
924650
925570
925930
925940
926340
926420
926520
926720
927730
927860
927890
931270
931280
931500
931650
931690
932570
933110
933300
933540
934060
934840
934850
934860
934930
935840
936210
936500
937350
937980
938270
939330
939850
939930
940910
941120
941460
941650
943980
944010
944020
944220
945710
946010
946040
946050
946720
946990
947300
949000
949050
949060
950100
950530
950670
951500
951530
952540
953230
953490
953570
953580
953880
954070
954650
954740
955170
955900
956430
956580
957790
959750
960170
960190
960330
960910
960990
961620
962580
962630
963000
963210
963450
963690
964040
964070
965230
965300
965320
965680
966320
966420
966610
967130
968440
968970
970570
971460
971620
972010
972280
972660
973000
973580
973760
974950
975270
976010
976160
976730
976940
977230
977400
978780
979260
979310
979560
979640
979690
981290
981430
981890
983350
984240
984560
984800
985890
987020
987350
987900
987910
988430
990050
990250
990260
991780
992300
992730
994280
995050
995980
996000
996580
997010
997070
997180
998660
999020
999220
999270
1000080
1001800
1002850
1002930
1003090
1003520
1005340
1005410
1005870
1005910
1005930
1007040
1007740
1008690
1009850
1010860
1011300
1011510
1011670
1012730
1012880
1013320
1013870
1014270
1015140
1015770
1015930
1016390
1016790
1016920
1016930
1016960
1017060
1017410
1017900
1018020
1018800
1018850
1019250
1019550
1020520
1020820
1021070
1021670
1022450
1022980
1024380
1024650
1024890
1026820
1026840
1027990
1028630
1028860
1029210
1030760
1030830
1031480
1032120
1032520
1032790
1033810
1035750
1036490
1036700
1036890
1037020
1037590
1038740
1040070
1040420
1041320
1041720
1041840
1042380
1042910
1043390
1044200
1044980
1045130
1045720
1045850
1046030
1046930
1047440
1048540
1049280
1049660
1049800
1050280
1052990
1053000
1054310
1054430
1054550
1055010
1055210
1056330
1056600
1057180
1057430
1057680
1057720
1057750
1058130
1058370
1058430
1058450
1058770
1059120
1060320
1061010
1061090
1061100
1061880
1062090
1062830
1062960
1063490
1063730
1063790
1064610
1065390
1065970
1066260
1066780
1067810
1068640
1068980
1069360
1069640
1069650
1069660
1071120
1072040
1072500
1073910
1075430
1075740
1076200
1076530
1076600
1077440
1077730
1077970
1078590
1078920
1079160
1081560
1081810
1082680
1082710
1083210
1084020
1084640
1084980
1087280
1087960
1088150
1089080
1089090
1089130
1090580
1090760
1091010
1092430
1092590
1092660
1093170
1093880
1094520
1094920
1095060
1096410
1096530
1096720
1097000
1097350
1097530
1097580
1097840
1098190
1098340
1099400
1099410
1100600
1101140
1101790
1101850
1103100
1103780
1104330
1104450
1106840
1107790
1108590
1109410
1109570
1110910
1112930
1113030
1113940
1114420
1115050
1115780
1116550
1116880
1116960
1117160
1118310
1118380
1120320
1120810
1120850
1121910
1122120
1122960
1124090
1124300
1125480
1125980
1126190
1127400
1127460
1128000
1129110
1129210
1129220
1129580
1131740
1133590
1133760
1134030
1134700
1134710
1135230
1135260
1135810
1136870
1138850
1139800
1139890
1140740
1141550
1141650
1142360
1144110
1144800
1145360
1145570
1146310
1146370
1146500
1147510
1147690
1149440
1149460
1150590
1150690
1152340
1153130
1153430
1154810
1156990
1157340
1157750
1158450
1158690
1158720
1158850
1160490
1161300
1161490
1162070
1162520
1163590
1163870
1164050
1164100
1164250
1164390
1164690
1164850
1165270
1165850
1168610
1170060
1170640
1171140
1171310
1172050
1172510
1172620
1173200
1173510
1173810
1173950
1174180
1174720
1175250
1175720
1175890
1178230
1178400
1178490
1178790
1179210
1180250
1180660
1181830
1184320
1185370
1185530
1186740
1188680
1188720
1188920
1188970
1189440
1189490
1189630
1190130
1190150
1191120
1192900
1193200
1194930
1195220
1195830
1195910
1196470
1197520
1198090
1198320
1200230
1201230
1201240
1201330
1201630
1202100
1202540
1203220
1203420
1203630
1203680
1203710
1203930
1205240
1205960
1206060
1206430
1207650
1207850
1208260
1208600
1209040
1209750
1210260
1210320
1210610
1210770
1211020
1211360
1212450
1213460
1213700
1213740
1215090
1216060
1216080
1216470
1217190
1218280
1218740
1219310
1219480
1219590
1220150
1220930
1221250
1223500
1224020
1224290
1225580
1225780
1225810
1226510
1227260
1227280
1227530
1227650
1227780
1228430
1228520
1229460
1229900
1232460
1233030
1233260
1233460
1235360
1237980
1238000
1238020
1238040
1238060
1238280
1239320
1241100
1241110
1242730
1243140
1244630
1244950
1245540
1246020
1247880
1248270
1248800
1248810
1248820
1249130
1250410
1250650
1251930
1252250
1252330
1253870
1254360
1254370
1254900
1255420
1255650
1255970
1257290
1257360
1258780
1259000
1259180
1259430
1259560
1259790
1260810
1261180
1261750
1262240
1262540
1262560
1263070
1263860
1263920
1264250
1264670
1264740
1265230
1265860
1265920
1266680
1266690
1267910
1268960
1269150
1269550
1272060
1274360
1274490
1275540
1275590
1276550
1276850
1277930
1278000
1278360
1279240
1279320
1280700
1281150
1282200
1283130
1283140
1283220
1283630
1284240
1286680
1286830
1287150
1288310
1288330
1288420
1288790
1289380
1289830
1290000
1290830
1291340
1291500
1293180
1293950
1294220
1294760
1295500
1295670
1296280
1296360
1296830
1296840
1296880
1297160
1297300
1299360
1300060
1301720
1302110
1302240
1303210
1303270
1303660
1304400
1304680
1305050
1305130
1305500
1305720
1306570
1307090
1307550
1309820
1312160
1313330
1314140
1314460
1316230
1316910
1318420
1318790
1320950
1323190
1324070
1324780
1325200
1325310
1325890
1327430
1328500
1328670
1330290
1331120
1333410
1333530
1333920
1334010
1334120
1335240
1335830
1337010
1337240
1337600
1338090
1338980
1339460
1340850
1342900
1343620
1344340
1344790
1344800
1345740
1345820
1345830
1346400
1347140
1347420
1349230
1349540
1349830
1351170
1352330
1353100
1353130
1354300
1354370
1354530
1355390
1355930
1356040
1356280
1357490
1357540
1357580
1357610
1358140
1358490
1358710
1359090
1359300
1359900
1359980
1360620
1360890
1361010
1361480
1361680
1361700
1362400
1363770
1364150
1364290
1364960
1365590
1365760
1366270
1366290
1366720
1367300
1367760
1368340
1368820
1368830
1369340
1369470
1369630
1369670
1369760
1369800
1370050
1370410
1370950
1371050
1371160
1371480
1371810
1372260
1372320
1372530
1372640
1373170
1373310
1373780
1373810
1374930
1376420
1376470
1377160
1377450
1377680
1378290
1378860
1379020
1379130
1379560
1380220
1380420
1381770
1382350
1382670
1383770
1383920
1384160
1384770
1384840
1385190
1385380
1385690
1385730
1386460
1386780
1386890
1387580
1388030
1388310
1388770
1388860
1388910
1389160
1389190
1389420
1389510
1389540
1389550
1390190
1390370
1390680
1391690
1392060
1393220
1393270
1393500
1393750
1393970
1394800
1395310
1395850
1397010
1397350
1397690
1397790
1397920
1397980
1398100
1398630
1399480
1401610
1401750
1402320
1403080
1405470
1406020
1406350
1406850
1407420
1407530
1408100
1408220
1408680
1410370
1410640
1411380
1411670
1411920
1412470
1413870
1414500
1415200
1415660
1416240
1417010
1418160
1419730
1420770
1421610
1421760
1422610
1423010
1423420
1424330
1424980
1426790
1427640
1428310
1429700
1429740
1433860
1434470
1434610
1436240
1436930
1438710
1439970
1440050
1440870
1441570
1441840
1442820
1443430
1443490
1443500
1444020
1444170
1444350
1444650
1444740
1445010
1445890
1446090
1446180
1447000
1448520
1448530
1449100
1449200
1449280
1450100
1451480
1451740
1452830
1452850
1452900
1452950
1453600
1454430
1454500
1454520
1455630
1455660
1455920
1456280
1456820
1457920
1460540
1462680
1462810
1463030
1463730
1463960
1464200
1464380
1464420
1464840
1464930
1468260
1468370
1469160
1470660
1470870
1471040
1471200
1472250
1472560
1472660
1474000
1475380
1475400
1475570
1476080
1476340
1476520
1476720
1476920
1476970
1477330
1477570
1477590
1477830
1479500
1480210
1480260
1480340
1480560
1482910
1484280
1484720
1484900
1485250
1486660
1487320
1487390
1488420
1489400
1489630
1490010
1491120
1491730
1492160
1492450
1493800
1494460
1495670
1495800
1497640
1498570
1498790
1499030
1499640
1500470
1500650
1501760
1503350
1504150
1504570
1505830
1506600
1506630
1506850
1507190
1507260
1507410
1508270
1508680
1508740
1508980
1509590
1509960
1510030
1510930
1511950
1512520
1512650
1513120
1513950
1514660
1515140
1516960
1517150
1517870
1517960
1520810
1522660
1523350
1523370
1524110
1524160
1526780
1526790
1527090
1527710
1530140
1530340
1530750
1531250
1531540
1531720
1532180
1536070
1540780
1541690
1542330
1543080
1543150
1543460
1544360
1544540
1545450
1546010
1546860
1546920
1547110
1547380
1547420
1547470
1547890
1548890
1549070
1549140
1549970
1550710
1552350
1553320
1553570
1554700
1555400
1556200
1557050
1557990
1561560
1561800
1561910
1563950
1565090
1566050
1566390
1566410
1566500
1567370
1567460
1568620
1569040
1569090
1570010
1570070
1570760
1571120
1573070
1574270
1576060
1576790
1577120
1577290
1580640
1580790
1581990
1582510
1583690
1584540
1586270
1586820
1587130
1587560
1588510
1591160
1592110
1593350
1594320
1597670
1599220
1600890
1602010
1605010
1605220
1606640
1606940
1606980
1608010
1608470
1609080
1611600
1612980
1614020
1617360
1618230
1621070
1621690
1622060
1623640
1625110
1626890
1627220
1627280
1628370
1629150
1629160
1630640
1631930
1633470
1633550
1633820
1634290
1635450
1636910
1637030
1639780
1640260
1641060
1641330
1641670
1642230
1646930
1647050
1649730
1655720
1655910
1658740
1662840
1666600
1668690
1670890
1671350
1672140
1672360
1672970
1674470
1674890
1678140
1681350
1681920
1683580
1683620
1685020
1686370
1686980
1687280
1688980
1691420
1691560
1693990
1695340
1695830
1695840
1699130
1703030
1706980
1708570
1710170
1711950
1713410
1713530
1713550
1714420
1715130
1715370
1718870
1720770
1722620
1723260
1724410
1726180
1730630
1731040
1731490
1732190
1732750
1734320
1735950
1740180
1740720
1741300
1741520
1742450
1743140
1745380
1749710
1758050
1758910
1761660
1764390
1769170
1769420
1769730
1770630
1770660
1772710
1781230
1783200
1784730
1785120
1786200
1787440
1787470
1790560
1792250
1798420
1799930
1800650
1803150
1803420
1805360
1807730
1811140
1812580
1814200
1815270
1818750
1819160
1820320
1820890
1824160
1824440
1827780
1829980
1831780
1833300
1836180
1841220
1843760
1846170
1848450
1851280
1853890
1855950
1859280
1859610
1861290
1863250
1868000
1868050
1869990
1874010
1877330
1877360
1878350
1879330
1879380
1879560
1882820
1883230
1886830
1888120
1889320
1889650
1892810
1894320
1894760
1894770
1896190
1897580
1898550
1903480
1904160
1904860
1906150
1915420
1917760
1918680
1919750
1920320
1922870
1922880
1923860
1929870
1931240
1931370
1935460
1939810
1942440
1948930
1949270
1957560
1965670
1966900
1970560
1972440
1977230
1984220
1984490
1987080
1988050
1990400
1995050
1995060
1995210
2000000
2011470
2012500
2017980
2018260
2018270
2026070
2052270
2056160
2059550
2065920
FIM
